$MAP,0,0,0,0,90191082715388549,0.21,0.52,-33.1,1,0,0,0,0,0,0,0,0,0,31577
$ACTION,5,0
$MAP,1,1,0,5,0.21,0.52,0.78,0.30,1.02,0.17,1.12,0.13,1.21,-0.04,61211
$MAP,1,1,1,5,1.22,-0.19,1.23,-0.35,1.24,-0.51,1.27,-0.64,1.28,-0.75,26624
$MAP,1,1,2,5,1.25,-0.85,1.24,-0.99,1.31,-1.12,1.37,-1.24,1.50,-1.49,30104
$MAP,1,1,3,5,1.60,-1.59,1.84,-1.70,1.95,-1.73,2.07,-1.74,2.20,-1.75,50325
$MAP,1,1,4,5,2.42,-1.73,2.54,-1.67,2.70,-1.54,2.86,-1.38,2.99,-1.21,63615
$MAP,1,1,5,5,3.05,-1.12,3.08,-0.97,3.07,-0.74,3.05,-0.56,3.05,-0.44,20749
$MAP,1,1,6,5,2.93,-0.22,2.85,-0.15,2.85,-0.04,2.86,0.12,2.87,0.28,51600
$MAP,1,1,7,5,2.88,0.44,2.88,0.58,2.83,0.67,2.80,0.46,2.78,0.32,11230
$MAP,1,1,8,5,2.79,0.22,2.70,0.39,2.60,0.50,2.66,0.73,2.53,0.58,60859
$MAP,1,1,9,5,2.52,0.80,2.50,0.93,2.47,1.07,2.44,1.21,2.41,1.39,22805
$MAP,1,1,10,5,2.39,1.59,2.35,1.77,2.32,1.92,2.29,2.04,2.27,2.16,31040
$MAP,1,1,11,5,2.24,2.31,2.21,2.47,2.22,2.60,1.94,2.57,1.83,2.53,47497
$MAP,1,1,12,5,1.70,2.48,1.56,2.42,1.41,2.35,1.27,2.30,1.17,2.30,15782
$MAP,1,1,13,5,1.15,2.19,1.18,2.05,1.21,1.88,1.25,1.72,1.21,1.54,262
$MAP,1,1,14,5,1.20,1.42,1.29,1.25,1.46,1.03,1.54,0.92,1.60,0.75,54268
$MAP,1,1,15,5,1.60,0.59,1.62,0.47,1.52,0.11,1.48,-0.05,1.45,-0.19,46563
$MAP,1,1,16,5,1.43,-0.29,1.32,-0.50,1.29,-0.63,1.24,-0.77,1.21,-0.97,29483
$MAP,1,1,17,1,0.21,0.52,16973
$ACTION,5,1
